---
location_nice: gub37
latitude: 52.51026648385623
longitude: 13.45044163873424
altitude: 54
