---

location_nice: Grünberger Str. 73
latitude: 52.51147321097473
longitude: 13.459692494247243
altitude: 63
